0.2422 0.4703 2.864
0.2422 0.5547 2.9107
0.2539 0.6133 2.8775
0.2656 0.6836 2.8537
0.2773 0.7422 2.7805
0.3155 0.8017 2.6798
0.3486 0.8251 2.6862
0.3954 0.8624 2.6181
0.4892 0.872 2.6382
0.5742 0.8616 2.5817
0.6445 0.8382 2.6458
0.6914 0.8147 2.5063
0.7383 0.7656 2.7969
0.7734 0.6953 2.8472
0.7852 0.6367 2.8421
0.8103 0.5664 2.8682
0.8233 0.4814 2.8695
0.2764 0.4014 2.668
0.3017 0.3876 2.6112
0.3389 0.3876 2.6963
0.3858 0.3876 2.5747
0.4189 0.4014 2.5265
0.5625 0.4 2.5231
0.5977 0.4007 2.5438
0.6445 0.3884 2.5841
0.6914 0.4007 2.6195
0.7266 0.4234 2.6661
0.4796 0.4814 2.5205
0.4796 0.5282 2.6963
0.4792 0.7179 2.4495
0.4672 0.625 2.4356
0.4309 0.6364 2.5006
0.4531 0.6484 2.4849
0.4781 0.6484 2.495
0.513 0.6493 2.5162
0.5368 0.6367 2.534
0.3232 0.4723 2.6494
0.3487 0.456 2.6795
0.3857 0.456 2.628
0.4189 0.4718 2.6481
0.3858 0.4814 2.6119
0.3486 0.4814 2.6062
0.5733 0.4706 2.6379
0.6102 0.4583 2.5981
0.6422 0.4555 2.6179
0.6689 0.4706 2.6706
0.6445 0.4821 2.6174
0.5977 0.4821 2.6
0.3867 0.7246 2.6195
0.4089 0.6944 2.5225
0.4562 0.6922 2.5022
0.4766 0.6953 2.4703
0.5016 0.6953 2.5063
0.5625 0.707 2.5357
0.5977 0.7188 2.5433
0.5625 0.7539 2.5429
0.525 0.7656 2.5413
0.4788 0.7773 2.5243
0.4453 0.7656 2.5344
0.4196 0.7539 2.5796
0.385 0.707 2.4645
0.4421 0.7051 2.5168
0.4788 0.5898 2.542
0.5286 0.7161 2.5188
0.6159 0.7188 2.5554
0.5134 0.7305 2.5149
0.4792 0.7431 2.5387
0.4554 0.7305 2.5536
0.36675 0.57075 2.5849
0.4249 0.5541 2.5822
0.55505 0.55365 2.6833
0.6324 0.58245 2.7776
